%YAML:1.0
---
K: !!opencv-matrix
   rows: 3
   cols: 3
   dt: d
   data: [ 897.01565589784365, 0., 344.91037642267929, 0.,
       896.901745042221, 277.370894915116025, 0., 0., 1. ]
D: !!opencv-matrix
   rows: 1
   cols: 5
   dt: d
   data: [ -0.49959053723008273, 0.35042163201274856,
       -9.3910516461160378e-05, 0.0027132140980344406,
       -0.13401838040712363 ]
