%YAML:1.0
---
K: !!opencv-matrix
   rows: 3
   cols: 3
   dt: d
   data: [ 1794.0313117956873, 0., 689.82075284535858, 0.,
       1793.803490084442, 554.74178983023205, 0., 0., 1. ]
D: !!opencv-matrix
   rows: 1
   cols: 5
   dt: d
   data: [ -0.49959053723008273, 0.35042163201274856,
       -9.3910516461160378e-05, 0.0027132140980344406,
       -0.13401838040712363 ]
