%YAML:1.0
---
K: !!opencv-matrix
   rows: 3
   cols: 3
   dt: d
   data: [ 1580.9306673197993, 0., 989.94459083792583, 0.,
       1580.2173970627061, 471.2201254907767, 0., 0., 1. ]
D: !!opencv-matrix
   rows: 1
   cols: 5
   dt: d
   data: [ -0.36600363385901552, 0.19362847737352745,
       0.001760960810429008, -0.0027794324972324107,
       -0.070016001449569543 ]
